100 100 90 50
65 46 96 93 15 57 71 29 21 37 39 62 7 79 99 51 79 98 23 32 39 98 47 3 2 25 41 59 74 53 89 58 84 4 80 67 46 74 71 15 8 53 72 56 1 38 72 27 25 34 28 40 80 72 9 2 23 81 46 32 36 30 84 48 95 2 5 61 27 97 98 77 81 76 48 67 90 81 24 78 47 44 70 19 30 5 66 50 36 44 8 19 17 14 50 32 54 12 91 52 97 90 7 17 18 82 54 95 38 0 94 70 90 71 17 47 12 31 19 29 2 39 36 62 50 98 50 91 52 55 65 11 33 49 50 92 92 42 84 1 7 10 55 56 92 88 63 24 21 90 12 83 82 92 34 10 93 7 53 73 14 62 39 86 20 88 34 81 71 64 84 33 25 77 88 20 27 67 78 58 23 66 46 7 38 6 98 63 7 78 85 94 23 75 3 63 80 74 60 63
10 81 5 60 30 40 88 83 35 80 2 7 88 97 73 54 55 78 49 6 44 17 71 21 85 69 71 63 7 13 87 0 40 86 66 20 17 74 66 65 24 37 85 7 10 47 38 24 75 24 70 55 7 42 27 69 79 11 61 12 76 6 88 6 84 64 85 2 42 94 9 0 85 99 41 33 75 83 26 97 6 63 56 65 77 51 43 9 25 62 74 86 62 7 44 87 4 45 61 13 94 27 59 43 29 9 78 23 28 40 78 52 21 91 99 23 96 22 27 85 84 2 14 80 57 65 90 42 56 41 26 24 81 57 7 80 52 62 15 49 29 58 94 69 69 80 65 87 53 8 90 75 62 92 51 6 59 28 3 78 77 60 37 31 32 38 13 27 56 78 92 92 86 7 52 25 9 57 35 33 61 21 85 15 74 42 62 38 61 30 4 83 15 32 90 5 70 67 78 74
17 22 96 89 49 56 4 9 71 31 0 73 96 39 57 7 27 1 5 99 65 12 20 65 20 91 31 65 52 50 74 46 24 8 45 90 54 16 58 31 30 42 19 16 83 7 37 37 28 73 52 42 43 21 97 57 35 76 73 30 51 19 56 50 22 10 76 3 61 66 44 76 5 27 74 51 65 88 65 5 70 9 53 83 74 58 56 96 23 62 77 71 8 43 91 96 78 22 8 52 4 20 94 92 37 86 47 5 95 57 90 87 19 1 62 88 47 14 68 65 37 27 31 98 13 55 4 60 55 67 55 39 24 59 59 53 9 11 17 85 71 32 79 98 2 1 5 10 93 18 48 8 15 90 36 43 59 27 56 86 93 82 65 50 41 10 0 74 13 72 67 62 50 95 37 54 84 8 49 91 78 95 73 15 47 22 3 43 75 8 86 84 1 46 65 3 72 52 98 29
31 45 79 12 73 4 75 68 4 81 97 68 2 37 62 51 74 80 95 29 86 48 51 95 4 9 76 40 61 98 12 60 73 51 84 63 87 75 53 97 98 26 6 51 78 54 61 86 76 8 33 18 85 89 32 89 45 26 81 59 74 68 62 13 82 18 44 32 74 1 23 34 65 97 52 18 0 26 32 20 89 62 17 71 11 86 46 35 82 7 53 28 63 15 61 80 26 31 42 17 6 60 10 18 50 73 76 67 35 43 75 40 50 21 61 66 9 19 47 45 26 4 91 70 62 40 14 34 89 14 4 87 22 25 84 20 93 34 42 56 18 91 34 53 6 27 24 19 70 58 32 37 24 94 89 71 38 10 26 30 71 94 12 21 47 32 59 20 74 74 48 7 47 72 22 74 73 29 84 96 76 77 74 80 73 47 16 37 83 76 16 40 91 15 67 30 72 83 51 23
76 32 36 61 5 56 68 80 99 28 15 13 94 27 76 65 4 96 9 74 1 98 78 16 21 2 85 89 63 56 98 10 7 25 28 68 20 14 92 36 42 50 14 72 69 10 80 78 3 55 90 16 48 79 93 66 3 97 8 37 52 84 99 13 33 3 46 13 68 99 28 80 2 46 80 67 61 16 16 42 95 63 47 30 34 45 28 99 23 11 67 46 37 23 13 51 92 18 18 54 86 3 36 27 60 41 87 34 45 40 7 85 40 92 43 85 16 86 48 14 20 30 60 80 5 53 54 20 10 54 76 82 12 14 46 77 96 38 59 74 52 98 60 80 65 87 63 84 5 17 86 91 29 15 90 75 96 52 81 76 20 98 47 36 9 66 88 28 7 97 87 26 64 25 66 51 54 0 66 60 93 44 35 8 71 96 1 55 18 36 41 2 41 38 14 88 24 4 88 39
14 95 55 59 79 7 59 42 61 41 95 25 97 30 53 12 17 25 10 64 28 8 20 84 73 43 79 28 10 3 94 25 92 16 62 13 85 50 93 35 73 66 70 56 53 35 9 54 16 59 52 79 49 47 26 13 50 76 5 33 10 90 65 99 21 64 70 10 30 47 53 93 38 90 36 22 21 24 93 84 24 23 96 90 7 85 81 86 86 8 98 22 99 3 34 92 14 70 47 80 98 42 4 14 78 53 91 13 67 52 44 46 52 45 34 28 29 92 95 49 98 32 31 19 61 64 39 19 61 7 99 56 97 41 74 83 82 67 99 70 91 18 8 65 15 64 29 89 86 16 0 44 92 82 18 26 87 64 63 21 80 59 67 51 7 0 51 76 1 31 77 7 75 18 8 59 69 78 35 74 10 25 41 18 29 51 59 9 30 11 29 40 89 58 77 30 43 12 37 18
60 24 9 91 6 69 85 51 27 59 82 96 42 83 22 83 90 3 98 87 0 5 15 62 14 8 60 73 17 32 19 90 4 29 11 10 46 90 58 9 54 1 1 9 67 15 37 11 87 10 47 69 73 12 70 24 1 59 30 23 52 55 31 79 88 64 16 26 76 6 14 58 90 24 53 37 81 31 35 17 45 96 50 45 16 2 92 48 33 30 88 86 42 94 58 40 69 59 60 22 77 44 40 15 9 42 66 63 69 30 16 89 76 5 22 3 50 75 71 89 30 19 83 91 1 85 68 0 3 49 3 73 75 98 47 27 1 84 3 85 98 7 13 28 25 11 82 96 3 22 47 99 90 85 15 68 88 80 69 54 86 60 39 1 87 53 35 49 83 75 37 94 29 33 53 88 85 43 76 60 35 48 38 21 58 6 37 28 3 36 71 39 56 4 68 24 35 70 57 69
34 79 92 96 42 28 79 37 57 34 68 23 72 88 98 34 46 2 99 44 67 37 85 74 10 16 19 47 71 89 45 17 85 36 14 82 91 8 87 25 77 95 70 84 9 33 79 32 27 32 83 97 42 1 2 66 0 37 33 81 37 49 51 20 33 45 22 1 53 79 16 62 70 1 30 33 21 50 59 83 10 20 7 7 65 64 45 67 1 97 76 78 98 98 75 6 93 99 10 92 49 90 7 47 65 19 70 70 98 38 36 36 39 49 31 86 91 65 39 40 94 15 62 87 55 60 18 82 63 76 15 19 40 63 44 71 26 30 39 59 67 75 69 43 56 28 75 45 25 86 75 1 23 19 48 6 15 5 5 34 20 16 92 91 94 78 81 58 0 48 4 26 55 80 22 26 2 33 48 22 87 47 92 53 85 85 36 91 8 73 51 98 81 42 61 18 23 95 95 62
48 87 95 84 82 13 25 83 46 69 99 10 86 95 9 21 62 62 16 16 62 31 97 33 94 96 86 28 86 19 15 39 67 3 96 10 34 54 92 41 87 11 25 39 68 62 49 63 91 71 7 88 46 98 29 18 6 11 31 19 41 4 68 32 69 59 11 98 8 43 5 78 26 20 48 99 14 83 18 47 90 83 21 40 94 27 35 62 52 63 57 27 57 99 60 97 55 9 68 53 1 90 5 23 89 85 1 68 61 4 36 15 1 35 23 25 53 0 75 24 44 33 82 39 68 34 16 1 12 68 22 25 94 35 24 90 51 78 80 22 77 77 28 27 67 44 47 32 0 12 63 2 73 68 96 52 15 78 64 75 36 73 36 26 93 9 62 77 23 5 79 19 96 65 8 71 86 46 71 73 32 44 7 55 39 12 97 74 79 0 32 3 3 94 98 26 52 92 38 18
75 98 47 17 67 88 23 34 28 74 0 90 1 68 27 75 80 23 43 87 84 53 66 17 49 64 79 57 3 90 41 94 88 45 61 20 29 25 8 6 80 14 30 80 1 0 99 68 61 32 46 87 46 45 58 44 93 5 83 74 47 91 31 38 29 80 2 4 31 15 22 73 2 46 35 21 85 52 19 38 38 61 12 5 87 72 46 41 38 59 67 48 18 84 7 51 22 99 81 80 26 84 53 41 5 48 41 57 51 27 64 65 65 22 12 99 64 74 36 44 29 54 59 57 91 4 89 50 16 48 87 61 13 84 75 84 58 0 54 35 49 19 26 29 95 67 37 11 58 70 82 61 91 49 52 44 11 15 7 45 72 15 91 1 47 20 7 55 54 48 16 83 90 12 44 88 14 9 73 79 49 34 98 2 14 85 24 10 6 10 25 28 51 84 65 97 24 85 44 49
32 75 50 56 6 49 1 3 23 63 81 36 92 97 77 66 82 3 27 33 8 29 53 71 91 78 76 94 28 61 73 59 41 97 18 92 66 80 77 1 94 7 38 28 34 64 44 73 20 72 61 21 70 4 88 89 8 97 0 51 3 65 71 60 31 11 53 26 53 34 95 40 46 85 32 54 33 52 80 69 20 59 15 56 12 8 59 32 12 70 91 93 89 56 60 9 53 66 31 11 72 24 57 88 80 40 91 98 76 9 62 49 70 46 14 60 36 82 1 85 3 48 91 21 15 75 7 18 45 74 65 4 25 3 92 76 81 41 36 48 10 38 86 48 46 56 4 82 66 33 0 91 10 56 9 7 92 85 80 30 45 44 8 94 21 8 51 72 19 71 46 40 81 51 7 10 11 17 42 9 99 64 35 51 4 41 71 21 77 87 74 37 17 23 53 20 13 3 79 96
9 44 85 46 5 94 69 65 63 54 54 16 39 84 84 49 98 70 17 28 72 20 53 59 88 1 72 72 70 73 89 64 93 24 54 74 55 31 42 87 97 26 53 4 4 73 4 65 57 9 48 17 54 34 5 58 91 7 52 99 96 56 27 44 33 97 31 67 37 40 8 23 60 57 59 61 54 15 94 92 49 9 36 14 22 70 34 87 44 37 17 69 96 47 24 36 83 71 44 10 41 91 54 3 61 88 65 55 64 31 86 98 52 3 33 88 68 84 53 15 42 37 78 50 92 96 32 70 17 45 1 51 88 61 1 18 13 29 4 52 39 46 27 23 75 72 50 62 4 87 2 98 13 31 28 72 65 5 79 13 88 79 82 81 49 21 64 36 23 72 24 74 92 95 53 89 56 33 39 69 49 84 26 2 23 36 93 97 57 15 69 49 71 1 71 18 54 31 10 12
38 35 73 8 55 33 9 52 26 6 92 86 86 38 50 47 86 2 96 14 98 68 86 61 35 21 62 75 39 7 16 98 24 55 71 85 95 40 6 69 2 70 1 24 59 17 1 84 69 11 44 83 55 97 4 88 80 80 43 5 31 44 71 91 80 46 91 68 94 58 3 18 1 23 37 45 50 5 27 93 98 65 19 57 54 68 3 65 32 27 61 96 22 68 87 12 47 10 87 1 37 56 66 98 33 66 81 44 34 66 45 10 33 98 79 84 12 61 6 61 78 78 91 28 49 2 15 57 75 76 47 25 96 11 36 34 28 6 87 84 41 63 9 34 13 78 33 61 56 12 93 6 25 48 93 32 6 32 66 0 92 16 41 70 41 76 36 93 50 83 43 50 66 0 56 0 34 24 87 71 96 23 48 48 39 82 23 40 24 47 50 47 31 96 94 66 35 94 80 61
20 12 84 11 72 77 65 44 16 31 14 95 76 1 74 32 30 53 70 86 56 35 82 62 96 53 5 6 2 49 7 21 5 59 29 91 21 77 41 3 34 76 98 92 57 47 4 72 14 29 97 27 88 79 37 9 94 44 8 28 47 48 31 23 63 12 53 92 91 49 19 2 85 52 81 5 75 41 31 61 22 50 72 67 8 40 11 19 22 80 57 26 16 98 30 34 58 5 7 69 2 52 89 66 18 22 97 46 9 12 49 63 69 3 33 14 24 50 74 9 46 41 23 93 26 87 79 98 36 87 14 54 98 23 89 65 57 62 59 81 36 80 2 44 43 31 62 3 46 65 39 99 65 17 60 71 96 43 45 75 10 88 59 45 21 6 9 58 52 8 49 65 9 46 45 64 21 7 59 19 59 21 2 91 13 6 71 46 28 28 71 96 7 73 46 58 0 77 1 47
76 50 51 96 94 23 67 96 12 24 86 44 91 67 79 44 66 38 1 94 27 20 44 29 42 6 50 88 2 59 21 76 69 50 95 41 13 34 80 35 53 31 24 32 44 73 17 2 42 79 93 52 67 48 0 94 46 2 47 48 55 60 94 21 52 0 43 33 82 30 82 59 19 86 54 93 45 39 90 88 10 63 99 78 54 0 21 72 67 93 65 54 78 24 91 46 67 89 29 70 37 59 22 87 4 85 3 97 83 33 32 26 27 58 80 67 62 59 2 2 87 27 49 61 19 75 19 44 46 4 39 76 47 92 3 26 62 23 0 68 93 77 11 16 40 96 5 35 86 12 35 35 23 0 76 58 97 56 77 68 0 17 57 41 29 53 83 53 83 0 33 70 37 90 90 45 73 6 10 17 89 96 56 69 19 80 96 42 24 36 34 69 10 92 28 98 87 10 97 36
11 39 77 19 94 88 10 48 23 76 8 83 85 99 63 12 61 39 55 93 67 72 88 69 75 33 81 92 54 17 76 68 23 68 90 63 43 76 60 22 83 15 2 42 37 2 59 77 71 57 48 69 98 62 60 41 9 14 51 58 71 43 38 13 2 43 56 4 56 60 57 68 48 69 46 66 2 95 17 93 44 79 56 67 96 35 10 91 55 60 41 26 28 52 82 14 60 84 77 73 52 12 92 32 33 20 7 49 64 96 44 94 84 27 63 68 49 21 96 92 96 64 57 26 43 87 33 82 66 23 56 91 15 88 15 36 2 46 55 40 12 67 34 86 32 22 73 11 90 72 26 76 12 16 15 56 10 16 70 48 1 75 57 47 80 17 83 6 63 99 57 92 77 42 18 73 14 96 80 65 67 28 85 91 96 58 59 32 0 53 79 78 63 37 86 38 40 91 39 69
79 16 61 5 20 29 50 56 53 52 65 59 9 66 34 14 68 50 37 35 81 83 32 22 0 51 8 97 69 17 46 92 55 34 73 27 99 32 57 50 10 69 11 77 39 95 22 70 13 81 25 3 70 14 3 96 19 56 55 84 79 71 12 1 82 34 2 70 56 1 77 45 27 55 89 43 31 0 3 77 60 20 61 40 30 84 80 27 50 12 88 85 76 86 1 55 20 50 75 88 68 73 23 33 73 66 70 24 99 38 71 84 84 47 51 29 52 81 98 28 29 44 51 26 47 93 34 72 67 11 77 17 68 83 29 75 23 50 51 77 0 96 27 71 8 96 39 20 18 93 29 74 85 80 97 49 61 12 82 64 6 11 0 86 32 7 89 80 11 31 50 9 30 47 17 57 44 62 22 23 29 92 88 9 77 63 65 79 88 56 92 94 46 52 97 85 19 67 77 25
54 36 11 78 66 93 34 25 29 92 30 29 38 20 70 84 91 14 87 55 47 36 72 64 89 25 2 82 57 73 75 11 4 22 89 43 36 3 27 48 44 26 42 43 59 98 40 86 22 52 21 64 70 81 51 75 18 68 12 31 70 20 71 18 4 58 83 28 73 5 30 92 99 30 18 46 80 8 11 30 83 76 16 27 25 62 75 12 38 61 47 24 98 24 99 47 52 24 77 76 70 20 37 15 90 54 8 18 27 3 39 76 53 8 83 42 23 43 79 72 29 28 68 55 34 70 18 26 97 71 38 86 84 50 81 5 32 64 5 15 8 58 29 8 43 55 30 19 93 6 63 83 63 82 69 88 52 19 12 91 62 17 91 87 39 68 10 15 30 7 32 13 77 86 62 16 79 32 72 15 90 56 15 9 97 55 78 85 82 7 89 55 39 97 80 43 24 55 10 99
83 62 35 13 39 82 45 31 76 12 76 92 63 22 89 58 28 29 90 23 89 68 42 54 41 55 17 19 96 19 69 85 44 1 61 59 12 3 12 21 41 30 54 56 66 33 29 61 69 55 26 9 17 18 93 43 64 18 52 49 0 94 76 39 90 90 32 59 91 61 2 7 62 61 90 49 32 2 69 9 24 64 76 71 10 49 21 25 3 7 9 88 11 37 45 3 12 33 62 92 61 59 36 39 31 70 20 54 42 96 89 46 37 65 18 45 22 12 53 71 17 72 13 65 8 46 50 93 36 84 40 30 97 95 1 31 77 67 63 67 10 6 96 6 26 50 98 55 23 16 34 99 23 73 73 68 29 8 79 91 81 48 65 66 95 78 70 74 86 56 19 54 29 49 36 33 79 46 29 32 21 38 22 63 58 24 47 70 30 80 16 90 6 30 15 46 8 26 98 99
42 95 68 90 96 70 36 1 51 31 28 67 66 0 96 92 17 53 56 94 35 34 50 63 93 8 3 32 56 20 57 64 17 37 9 7 86 88 85 12 89 29 75 99 69 2 39 49 24 43 86 76 50 47 76 29 93 50 92 93 54 37 82 22 56 98 36 71 96 64 93 23 12 24 70 98 61 73 72 51 44 43 23 58 59 52 43 48 3 91 80 71 97 23 11 28 31 72 90 52 99 98 21 77 87 24 16 82 93 48 17 62 70 68 89 17 44 6 13 47 2 44 13 72 30 28 97 42 84 57 47 28 44 53 73 26 16 85 51 51 6 61 92 84 80 43 70 85 37 60 81 28 74 29 37 28 15 55 72 5 76 16 57 84 7 72 62 11 11 37 11 55 8 68 41 19 26 76 66 26 25 92 84 75 50 57 40 11 94 5 18 68 10 25 73 15 30 7 16 75
34 5 20 39 71 25 93 79 61 57 53 19 89 8 55 38 95 70 40 5 12 42 77 97 80 0 67 11 77 68 45 98 44 15 78 6 90 55 2 87 16 35 42 55 96 70 96 94 11 62 3 41 78 52 15 10 45 73 93 6 11 89 55 84 62 75 79 15 16 58 47 84 21 86 4 87 81 53 3 25 86 14 75 43 27 81 98 44 27 73 37 33 18 1 90 58 35 95 76 8 76 4 42 89 26 66 58 34 68 29 68 99 56 26 63 87 51 80 68 52 51 27 80 28 27 3 98 45 52 3 70 92 24 59 41 36 75 18 28 14 25 12 8 0 13 36 6 59 57 14 76 20 49 81 75 90 52 97 28 11 93 55 53 16 6 31 3 93 46 42 9 12 42 26 79 21 81 31 8 9 90 19 33 13 33 17 82 17 57 76 44 51 64 92 58 44 62 9 81 47
97 19 19 52 47 88 92 19 2 59 21 72 59 34 62 98 90 63 17 93 87 33 75 93 29 67 41 73 58 14 66 0 47 15 25 67 19 79 62 3 53 44 82 4 59 74 13 52 3 58 14 26 50 46 8 47 1 27 48 3 0 1 55 62 72 41 6 20 8 28 8 73 79 32 17 45 40 64 84 98 53 59 7 85 89 39 40 72 71 0 50 46 94 59 70 3 43 74 77 16 90 68 49 85 75 76 74 12 11 40 96 30 27 90 62 6 92 32 31 44 61 60 66 93 27 19 8 58 99 24 63 77 64 52 57 52 53 90 94 37 9 44 52 75 28 78 3 54 73 31 90 88 96 97 88 58 89 65 6 14 82 77 11 89 83 17 74 16 62 95 94 29 54 62 22 12 50 29 74 5 9 71 9 73 20 67 4 40 99 92 82 43 55 70 8 96 32 20 10 92
69 15 64 10 15 91 38 12 47 60 75 65 2 84 8 9 22 59 97 32 74 4 84 76 17 34 86 65 16 68 45 71 77 15 41 65 14 78 69 33 85 42 38 19 85 97 75 49 74 81 66 99 56 48 56 67 14 97 10 1 89 3 17 59 95 33 37 0 15 24 11 88 11 92 48 82 6 95 94 42 99 58 53 16 16 13 6 93 43 19 31 3 57 7 49 30 43 74 99 75 50 69 26 28 32 94 89 87 39 86 56 99 34 11 1 62 37 46 54 69 95 91 51 14 97 29 13 50 52 32 34 10 6 51 16 47 36 73 40 48 72 89 40 44 7 31 27 99 25 20 41 96 17 75 58 62 0 58 56 45 51 92 20 90 79 83 13 34 39 50 46 27 78 90 85 40 84 38 17 98 56 15 70 14 47 36 69 49 49 37 79 29 79 67 66 82 54 81 1 32
79 77 24 11 29 71 54 33 36 53 20 11 69 35 83 7 72 15 19 9 77 10 62 55 6 79 0 62 59 57 45 91 83 19 0 52 70 45 24 88 88 11 96 48 64 89 37 64 69 29 54 89 96 76 28 93 73 4 86 1 35 67 73 74 60 44 2 17 36 27 21 22 97 17 82 20 42 80 0 54 89 4 67 42 62 84 62 22 78 86 99 57 10 38 24 60 79 89 61 73 79 1 77 63 57 3 1 36 99 79 36 98 66 11 81 42 79 8 70 3 30 80 73 29 11 66 53 94 56 33 59 58 39 9 57 37 37 64 58 54 55 5 35 26 28 53 67 90 95 33 73 37 1 75 20 11 37 39 70 91 71 89 58 61 84 32 15 43 66 29 76 29 69 33 10 56 76 19 10 21 96 68 32 50 93 55 98 20 67 54 47 30 85 44 41 90 58 79 3 62
24 55 13 44 66 0 67 82 57 13 79 61 76 73 2 14 69 35 76 88 90 91 25 23 31 29 63 9 78 59 81 18 56 84 63 16 30 61 37 61 58 7 70 34 39 31 63 13 11 99 85 84 76 35 13 92 57 83 14 81 32 9 41 32 34 72 64 24 68 32 8 63 9 20 6 65 11 19 41 2 65 13 92 32 56 43 80 94 24 20 92 21 22 69 10 53 34 33 27 38 93 11 16 54 45 74 85 71 2 95 78 44 16 96 25 68 77 2 19 10 48 82 43 83 50 7 83 71 99 5 47 50 80 83 97 59 4 28 21 22 86 77 69 89 73 54 56 96 26 13 47 32 73 50 36 63 80 72 44 65 47 89 32 53 7 30 26 73 91 58 1 25 19 36 54 54 51 35 78 40 0 68 67 93 69 96 15 52 1 50 90 27 8 60 13 55 95 77 38 31
1 88 9 49 17 13 50 21 97 53 21 3 36 89 67 8 34 6 93 82 45 37 72 92 73 70 53 44 62 91 43 7 4 63 18 1 23 46 16 43 86 53 43 63 99 66 61 62 37 46 5 18 25 28 81 72 99 50 26 64 37 53 48 52 75 1 8 40 69 91 0 49 77 70 84 80 15 97 10 30 55 18 20 21 72 76 61 92 1 60 80 28 93 3 60 98 18 88 67 67 65 37 70 80 33 31 78 28 64 14 95 64 99 14 95 29 23 2 12 52 82 41 83 43 71 87 60 99 47 2 15 37 34 11 50 36 91 90 31 20 75 26 85 24 99 10 39 62 62 39 32 83 25 88 66 49 39 66 56 28 98 96 12 12 88 88 6 20 99 48 95 36 67 61 93 30 93 79 85 17 17 33 47 65 74 27 13 97 37 96 27 35 68 14 65 19 59 16 22 28
69 88 49 30 32 79 3 76 33 32 21 43 29 12 82 7 58 23 25 68 91 73 30 67 23 2 6 72 34 12 20 50 81 90 26 15 48 87 62 30 6 87 13 68 27 39 56 65 63 9 83 55 88 9 20 95 65 20 27 35 57 89 52 11 58 11 40 12 88 74 57 68 80 63 59 68 56 67 24 94 73 81 32 76 80 47 67 71 0 19 59 99 41 79 34 6 73 75 10 21 4 86 22 99 3 61 8 69 67 78 43 92 31 67 67 94 72 77 63 49 11 47 20 59 88 12 14 11 90 6 25 51 46 38 91 9 92 1 10 17 24 49 28 69 15 11 56 89 58 68 13 53 18 10 73 57 45 46 26 94 28 74 83 95 55 21 15 37 48 83 66 79 73 86 8 63 19 97 5 25 17 52 0 24 64 2 70 61 89 9 90 49 56 58 82 4 34 12 51 78
95 38 51 52 12 13 48 32 83 18 65 3 81 71 83 16 61 30 65 40 64 14 32 90 61 1 91 4 13 82 10 2 80 26 56 73 26 63 50 68 49 56 47 83 53 24 51 43 52 29 99 49 27 44 69 12 46 39 21 73 5 26 4 68 20 64 92 6 22 77 91 57 83 86 97 35 33 82 20 98 86 84 26 32 17 11 58 91 25 45 22 69 77 19 65 80 51 84 17 35 48 3 80 7 50 45 39 60 59 67 48 4 28 57 56 10 31 99 42 61 14 52 56 62 74 98 10 76 52 43 68 68 97 93 24 99 62 96 94 10 75 45 71 53 21 48 38 72 56 35 45 90 57 27 69 20 89 12 23 18 68 14 30 66 8 60 73 87 37 69 44 49 98 92 94 77 63 50 6 46 80 95 3 94 72 45 43 43 22 99 62 92 88 12 34 48 80 96 22 90
16 3 39 54 44 24 37 47 31 70 66 98 44 21 49 71 31 25 83 76 57 72 21 68 89 72 83 36 15 54 8 3 44 93 86 83 41 94 80 36 69 51 6 81 42 96 31 47 25 63 43 72 58 3 52 17 88 49 51 96 5 49 95 37 71 26 50 39 88 92 93 29 36 90 29 76 85 82 97 43 31 54 1 88 30 32 89 0 52 38 79 0 77 28 58 50 63 80 83 65 11 90 19 61 57 93 41 76 25 50 81 78 80 7 55 81 44 51 75 34 74 85 64 81 74 3 95 32 77 30 7 98 22 41 38 78 79 38 2 43 76 46 67 68 82 97 57 16 25 8 39 33 55 18 8 18 96 29 66 1 85 16 87 75 32 94 67 72 48 17 14 18 44 1 24 77 26 95 31 84 0 55 12 15 4 21 94 90 90 63 35 29 48 55 62 71 86 67 76 76
95 33 89 12 21 67 27 65 72 59 87 2 73 48 72 89 75 64 1 58 24 4 30 54 43 62 1 91 94 53 44 3 95 7 59 76 28 40 3 19 54 44 75 85 82 37 23 57 89 91 95 3 1 82 77 32 84 73 50 83 6 64 4 91 5 73 1 20 22 53 57 92 98 42 39 5 64 58 29 80 41 81 73 62 69 62 78 22 90 42 63 98 89 67 95 47 89 55 54 43 81 72 2 53 10 6 66 36 9 78 98 70 29 55 25 41 57 42 62 10 93 1 93 86 7 68 10 34 46 5 17 60 14 24 63 45 36 68 37 13 83 44 56 5 82 0 89 57 79 58 51 60 41 51 95 21 10 24 46 11 30 68 36 34 32 53 20 56 24 81 77 93 81 82 19 44 58 98 4 4 83 90 2 37 15 37 35 83 97 49 75 59 85 61 80 61 64 22 26 9
56 58 78 19 74 73 45 6 21 0 47 52 8 81 26 87 53 11 29 96 79 51 14 68 98 78 14 12 19 59 97 30 57 6 0 63 23 43 58 84 79 2 78 64 69 90 25 99 93 3 63 24 14 17 96 1 5 94 65 64 13 36 17 89 59 91 63 83 50 91 11 45 38 89 26 66 2 22 2 78 87 54 40 18 92 24 93 85 35 29 23 61 22 39 22 79 30 95 5 1 79 81 71 65 24 46 48 1 91 55 81 60 71 37 32 64 42 12 58 79 72 84 79 13 15 7 38 51 70 5 78 60 25 46 70 60 14 22 47 55 25 22 77 52 28 35 80 84 82 21 78 13 88 37 48 80 59 68 46 15 61 83 2 86 55 21 51 49 32 73 13 17 16 21 28 55 85 92 95 35 31 37 45 6 94 24 12 24 79 19 79 59 46 76 12 20 71 39 31 76
35 83 13 92 40 52 9 11 85 66 83 83 62 65 86 48 16 1 67 40 84 51 91 81 23 91 32 9 26 85 61 38 99 4 23 98 57 75 49 35 18 4 92 69 68 82 89 0 60 52 39 10 15 12 86 63 46 71 47 99 78 84 12 25 67 33 23 44 39 23 95 43 45 53 75 84 67 65 55 78 69 17 50 42 4 61 13 61 1 52 68 53 50 43 75 23 24 57 31 83 49 86 62 78 18 97 40 82 27 61 78 18 65 36 4 79 95 61 55 50 59 86 1 93 94 70 37 85 77 25 71 79 58 47 42 52 49 87 62 11 56 48 18 32 2 70 45 19 57 72 80 45 11 26 94 57 96 65 28 73 5 32 51 80 89 42 62 0 74 37 99 58 34 74 58 77 78 94 44 47 97 11 51 37 39 14 33 26 40 31 58 56 74 89 46 12 37 37 49 88
37 20 96 52 40 27 98 86 42 79 62 18 80 5 77 83 28 14 21 56 96 10 66 24 50 66 87 85 46 56 12 82 89 30 32 47 66 60 33 10 27 80 30 90 98 97 40 10 27 76 90 93 6 72 8 60 68 49 58 75 87 75 46 98 91 34 67 90 92 7 23 59 95 74 5 68 91 39 17 12 63 35 20 2 95 25 18 58 24 78 30 84 18 79 1 73 78 95 8 4 36 3 85 34 25 48 82 5 0 62 13 93 58 11 11 68 9 29 69 36 54 73 82 21 11 79 89 39 87 64 78 33 75 46 54 47 72 46 25 3 7 36 73 92 39 74 23 19 25 71 87 18 97 40 32 38 51 97 71 48 21 32 16 24 42 37 62 32 75 29 79 25 22 46 37 61 15 67 10 12 99 68 47 66 4 86 56 46 20 56 57 49 75 38 47 48 2 95 67 8
12 15 49 48 79 16 58 95 0 86 10 45 68 57 47 58 70 49 87 97 7 56 30 65 36 5 42 43 5 11 36 59 41 94 28 89 41 88 55 71 12 57 44 96 48 47 84 7 60 59 36 42 36 29 96 48 85 3 92 23 2 52 21 28 72 93 98 62 11 63 3 41 96 27 39 18 66 9 9 89 34 21 92 89 83 37 30 83 15 69 19 49 74 50 28 0 43 63 66 93 24 16 53 42 64 36 99 93 4 81 49 84 27 20 32 35 97 80 14 37 61 11 51 5 60 68 43 37 94 28 73 71 4 87 87 88 74 44 93 48 85 1 29 43 81 48 23 14 38 69 12 65 65 48 62 62 25 7 92 73 36 6 76 87 79 26 28 54 84 57 23 35 99 0 59 87 39 34 41 95 78 27 92 64 95 21 84 10 67 71 62 52 21 72 47 14 95 88 8 47
0 94 10 30 41 76 3 66 28 40 65 24 1 48 71 93 21 53 84 11 28 8 89 24 20 6 29 94 78 76 47 85 38 51 62 47 86 44 85 89 41 61 38 30 21 56 62 46 78 58 89 78 94 5 51 59 93 17 12 34 52 48 70 33 48 49 3 82 45 4 25 7 54 25 47 1 99 95 51 14 32 11 82 94 64 46 81 85 26 83 80 84 95 84 50 8 78 8 36 33 13 42 35 73 67 19 83 2 8 8 37 24 66 3 30 68 55 1 1 1 83 62 6 76 79 27 36 35 84 24 21 97 33 63 59 91 90 3 63 24 67 80 44 47 13 74 78 67 37 2 92 80 30 34 1 56 70 1 40 96 49 66 11 46 18 29 55 69 8 70 38 24 76 22 31 98 63 10 41 8 47 3 45 77 87 3 82 98 56 92 23 90 57 11 42 70 1 88 62 26
29 31 10 49 95 50 49 29 32 10 31 38 37 69 54 88 89 95 39 13 77 77 97 77 77 11 70 26 96 65 60 33 91 37 5 38 16 63 80 74 23 31 76 58 29 60 58 16 78 4 25 93 38 79 75 96 17 23 50 41 3 12 91 93 67 44 47 17 51 35 32 28 2 97 32 16 76 15 52 37 47 41 55 60 21 27 1 36 34 38 13 3 97 82 70 11 57 57 81 20 35 16 10 99 30 90 86 56 41 8 57 50 98 30 71 43 80 61 33 90 35 24 26 47 39 21 42 56 25 22 16 28 34 41 97 35 0 63 28 20 74 18 66 86 59 96 15 61 60 13 3 24 93 0 49 71 38 47 56 42 48 43 34 91 0 66 74 26 19 44 54 15 55 30 90 18 2 37 2 26 49 99 81 60 76 9 35 18 30 58 11 65 9 44 5 93 18 21 93 50
13 53 57 97 53 28 77 46 40 91 9 13 71 50 72 65 91 78 94 49 16 72 24 65 54 31 11 78 57 49 16 74 34 52 12 38 71 80 50 41 9 74 50 23 32 1 7 65 83 0 43 26 57 3 31 27 81 71 85 6 95 15 68 57 28 19 13 23 38 39 17 16 99 79 46 94 16 14 47 12 69 25 16 31 71 48 96 97 72 68 77 58 58 63 62 36 64 50 10 17 36 82 7 61 26 82 95 26 77 80 43 94 26 37 0 2 7 12 28 67 59 14 65 74 81 78 38 12 23 4 70 93 2 37 51 7 7 75 6 55 49 56 57 87 89 47 27 58 71 87 85 10 7 89 60 91 3 89 77 59 17 2 21 70 30 50 19 35 84 12 0 69 35 83 4 52 47 89 82 37 83 65 48 52 37 59 82 83 68 78 28 19 91 66 31 71 50 73 0 12
65 93 29 26 14 11 79 36 15 63 76 87 54 99 53 85 79 24 22 98 81 10 30 26 47 72 84 46 55 96 51 61 34 30 88 25 93 85 60 72 25 21 14 63 93 28 21 86 22 38 80 46 77 65 47 49 97 27 42 0 45 21 47 0 65 38 90 23 57 68 66 59 77 63 43 0 94 95 73 73 32 19 6 24 80 37 0 5 23 27 92 31 94 42 87 55 77 8 55 31 36 92 52 23 15 62 89 71 17 22 49 73 71 12 98 4 71 12 13 66 25 11 10 81 67 11 88 38 70 33 78 15 98 85 82 65 31 12 57 7 11 85 18 66 81 36 28 94 95 98 4 35 10 58 7 73 17 61 18 1 52 37 4 33 40 44 94 31 74 29 92 16 54 97 52 42 38 31 44 13 20 93 48 95 12 27 93 85 50 14 73 99 59 86 67 88 43 80 93 60
70 70 79 2 43 77 73 64 3 82 87 95 69 5 62 86 41 27 83 11 38 69 43 28 84 2 58 28 10 14 62 16 76 54 57 16 23 25 1 57 53 12 30 65 8 94 73 38 17 80 92 87 38 51 98 26 1 37 19 37 63 76 6 12 25 27 15 34 53 24 45 0 62 27 51 38 31 96 77 60 1 35 93 69 91 9 13 88 89 65 72 67 28 19 38 43 81 25 33 79 80 50 65 50 55 36 46 15 26 48 96 79 28 0 67 57 23 95 69 76 36 87 86 43 33 34 65 94 36 39 5 32 65 20 55 63 87 86 33 51 93 98 15 68 12 60 17 68 98 9 52 93 88 45 73 37 31 87 34 99 50 71 3 42 10 74 92 68 12 58 96 62 88 48 33 91 93 40 57 19 41 45 11 73 25 29 81 54 3 68 3 0 27 63 33 99 40 24 80 79
30 46 25 27 80 65 97 21 96 49 21 82 73 20 25 58 66 73 44 68 51 39 87 42 21 83 68 9 53 81 16 4 19 75 10 7 12 49 21 81 28 13 61 87 69 18 49 53 59 23 51 14 11 55 38 41 15 11 9 41 65 92 15 47 51 94 99 61 41 69 9 3 90 37 74 67 49 77 38 89 70 44 32 97 87 2 67 20 74 64 60 98 50 68 54 3 30 4 66 49 18 12 65 96 22 85 22 14 98 14 5 75 27 82 46 96 53 62 69 6 90 29 67 74 18 61 21 81 94 16 57 51 87 71 18 72 0 28 23 89 82 36 27 92 58 64 17 19 89 57 96 60 54 22 66 53 6 74 83 94 30 45 46 92 83 52 70 75 7 93 85 14 25 75 35 23 43 37 93 49 47 12 3 97 24 94 76 86 2 63 12 53 79 79 19 7 12 41 13 74
41 32 45 56 67 36 19 60 80 65 57 47 42 1 46 83 53 17 99 34 7 49 59 43 28 29 26 81 27 84 8 67 57 48 74 45 95 42 22 96 29 89 31 94 34 76 11 86 0 77 79 87 80 76 18 29 62 86 91 66 8 21 58 86 75 91 98 23 37 36 94 10 27 15 23 74 56 36 39 98 40 36 77 40 39 24 23 58 93 57 12 71 92 16 56 63 34 36 98 42 56 78 30 1 76 79 25 7 1 50 28 19 59 85 50 45 18 88 85 63 73 84 3 2 81 4 28 4 81 3 34 21 55 92 49 37 67 79 34 9 3 75 97 50 63 3 69 74 85 84 29 67 43 49 15 5 46 71 26 14 67 58 80 72 64 87 52 9 85 27 93 65 45 40 15 47 6 2 35 91 86 93 48 26 50 36 94 0 58 39 80 72 87 66 22 87 79 21 1 93
37 99 74 61 71 85 64 83 7 44 61 87 7 65 62 94 36 75 23 87 91 16 84 31 66 18 91 55 41 11 66 49 18 10 73 11 34 8 97 99 32 17 9 50 74 57 22 53 22 46 70 47 89 26 76 18 2 30 2 58 60 58 83 51 61 26 89 90 28 89 21 61 63 41 21 78 56 72 15 21 60 19 5 44 9 95 34 3 43 43 94 43 13 89 9 74 88 94 27 47 88 19 12 28 12 57 99 76 60 4 80 79 63 55 24 33 5 57 96 94 97 70 14 54 46 48 80 8 74 5 41 80 81 72 23 73 84 50 94 98 9 25 70 78 98 26 14 36 14 22 34 71 59 20 21 45 51 11 86 27 22 20 40 79 47 31 14 47 84 95 58 86 25 33 5 18 57 95 3 77 35 26 97 44 81 53 36 76 0 49 51 25 53 21 79 63 59 29 7 77
98 90 84 63 61 99 98 12 65 58 65 23 60 71 13 7 14 58 92 46 86 62 18 90 91 18 94 46 13 82 14 12 30 30 98 3 47 46 7 58 40 78 36 29 47 51 26 38 37 30 53 99 21 76 96 56 51 26 63 6 27 67 83 80 95 87 40 69 38 5 24 21 70 51 83 87 34 83 3 8 2 63 66 58 43 79 12 9 57 94 70 59 21 85 56 9 31 50 39 76 12 4 46 16 87 33 18 86 87 46 42 49 85 79 21 11 87 36 4 53 57 77 67 36 83 69 0 14 41 96 79 78 69 38 6 95 49 95 44 84 59 21 0 63 95 87 89 48 81 33 29 88 48 61 34 34 54 7 72 20 7 98 5 88 88 78 33 10 33 54 8 19 52 96 96 70 46 95 48 67 23 43 96 13 63 1 87 62 29 44 91 5 83 89 62 31 32 20 94 12
8 58 15 98 99 34 47 77 30 30 87 72 62 46 47 84 7 70 28 77 92 15 11 98 29 25 1 76 20 73 85 30 81 8 31 93 13 9 8 21 70 10 40 21 57 11 59 27 7 24 27 70 63 76 69 96 50 7 51 40 19 67 6 45 31 59 89 3 65 44 21 38 53 27 29 36 57 14 67 56 22 90 22 24 7 44 40 62 67 2 53 95 90 55 23 46 73 26 31 53 10 66 32 66 40 39 32 58 81 43 80 55 41 4 86 59 37 78 77 98 50 71 74 7 89 82 21 29 54 51 68 20 57 33 0 60 45 41 58 53 88 42 58 37 37 58 71 56 6 13 54 65 54 3 25 12 75 29 82 34 57 52 17 17 33 2 75 1 91 38 85 54 97 36 10 21 95 61 4 74 83 56 86 80 8 41 70 32 73 89 55 91 81 72 28 35 55 89 53 87
65 9 31 88 71 76 34 28 7 41 22 64 28 54 65 1 90 87 22 70 41 83 23 14 51 98 54 98 7 14 73 69 36 42 85 32 30 41 87 63 46 87 56 73 50 10 70 36 67 92 95 7 54 57 1 47 34 68 73 30 96 68 86 21 72 2 10 86 14 83 24 43 64 34 39 89 7 27 16 26 65 15 3 85 92 11 41 28 17 29 25 18 54 41 5 30 98 6 17 70 88 62 68 27 20 41 44 54 95 32 41 28 68 84 10 35 9 18 54 84 39 20 13 4 22 77 8 65 91 86 38 1 88 0 78 62 15 30 92 71 18 66 79 58 73 33 55 50 99 69 40 96 11 19 77 81 81 52 22 28 41 85 45 71 42 5 99 4 58 84 42 85 53 35 66 92 70 49 12 30 27 73 86 70 95 84 40 3 17 55 38 5 98 94 69 15 17 12 39 24
98 8 52 3 19 38 18 82 95 23 26 84 51 9 26 5 13 76 81 41 23 63 4 53 28 22 4 62 64 83 16 78 42 8 19 47 88 4 3 68 26 36 84 4 39 13 63 14 48 65 99 19 61 38 41 60 27 50 4 35 62 36 73 38 59 32 2 90 46 50 94 77 24 11 62 96 87 55 88 76 75 83 76 74 47 27 6 14 57 20 83 45 67 10 1 6 13 54 0 92 8 20 83 95 88 32 75 59 36 91 28 15 90 51 68 28 63 88 34 43 77 16 13 21 26 23 73 3 6 65 30 58 51 97 19 39 61 57 66 29 71 57 77 4 2 27 54 28 54 83 73 53 1 52 49 37 45 28 12 34 19 82 59 23 24 28 57 23 71 87 42 40 17 39 1 85 57 62 80 74 28 33 82 34 67 1 83 99 0 95 62 30 41 2 76 29 20 29 53 69
34 47 33 73 70 32 54 16 32 35 23 78 48 5 76 63 16 15 77 34 53 59 22 38 72 53 38 2 37 65 15 21 33 93 47 32 4 6 38 29 92 43 9 45 57 86 14 28 13 78 41 35 58 43 29 13 19 90 61 17 95 56 57 23 63 37 52 43 40 47 88 29 67 4 50 62 53 44 3 39 68 52 64 14 41 15 41 41 43 44 0 40 26 66 98 80 74 89 50 19 36 56 71 90 45 86 61 68 16 89 38 36 1 95 19 53 4 29 66 60 72 84 91 56 13 2 31 28 52 20 84 12 9 1 13 80 74 89 10 13 60 96 72 21 31 1 43 30 23 88 80 39 39 55 91 18 89 77 12 78 84 71 53 47 16 33 79 97 84 0 92 44 98 63 97 7 36 48 24 55 32 31 22 64 16 62 54 45 61 59 27 64 43 27 73 78 18 73 12 64
20 60 75 33 71 45 86 84 59 78 9 57 10 56 40 12 23 51 53 54 97 2 83 59 50 53 16 65 4 49 49 90 4 42 36 80 15 49 11 30 65 73 73 69 59 88 36 97 12 89 1 56 58 45 0 55 21 10 76 68 86 29 47 41 16 33 31 18 80 21 63 39 48 31 82 93 52 69 17 74 18 29 65 64 14 73 35 85 59 25 63 89 71 9 50 30 39 91 44 90 39 26 84 30 97 59 98 82 35 42 98 29 60 79 6 55 30 9 40 27 70 92 58 99 54 86 79 53 43 15 89 28 87 45 55 55 20 53 65 85 89 97 85 49 37 45 10 13 65 4 76 90 50 84 92 96 81 26 43 80 47 14 86 63 74 94 93 65 55 43 79 96 98 65 6 81 22 33 37 42 6 68 71 37 62 28 24 24 48 12 66 14 1 93 14 74 35 41 97 8
63 65 32 20 21 49 28 43 53 95 80 81 40 27 48 9 2 25 68 16 29 44 98 58 94 82 93 3 15 95 21 43 13 52 52 63 31 51 5 32 59 16 68 24 22 2 37 46 17 43 5 88 81 51 56 76 35 87 55 26 86 18 65 13 83 99 13 22 22 46 38 49 33 74 59 92 62 10 0 82 2 78 30 52 59 45 3 86 86 83 21 36 6 87 23 15 9 30 74 50 92 38 8 81 99 54 90 12 86 24 54 43 0 18 40 86 81 40 39 93 41 94 31 33 55 27 48 25 0 32 29 23 83 83 84 79 88 26 48 2 17 64 93 66 81 93 62 25 62 97 80 60 2 33 68 33 51 93 50 67 88 91 94 19 72 56 94 45 22 89 41 40 63 79 51 1 87 36 88 60 78 61 38 89 25 68 80 37 78 40 92 77 63 82 68 5 55 49 80 62
20 2 85 43 76 84 72 53 45 45 54 84 37 29 92 77 88 80 56 41 19 91 39 62 57 66 91 56 76 73 20 97 48 97 61 14 34 28 98 28 9 31 14 83 14 87 29 43 97 71 95 5 39 2 43 32 79 71 1 47 27 76 67 86 45 36 89 26 49 87 24 67 14 42 21 39 59 50 20 72 44 9 91 90 40 90 89 89 35 19 8 13 24 37 78 30 20 31 6 40 64 27 33 30 33 3 99 97 12 70 22 43 0 60 4 11 53 57 94 52 66 21 59 10 8 93 61 2 51 71 1 12 59 16 48 74 36 50 8 49 14 2 49 68 3 48 70 65 22 12 47 86 27 29 29 13 50 38 18 27 45 27 8 99 3 35 7 91 11 47 21 45 90 10 40 5 59 71 49 30 3 77 89 43 90 64 69 40 44 8 58 78 87 12 74 94 28 69 87 26
65 10 86 75 82 31 88 95 60 28 71 8 69 27 6 23 34 11 43 74 47 62 43 38 3 99 13 5 5 15 6 61 62 48 43 82 2 79 42 36 21 48 44 10 66 64 48 78 90 13 89 90 72 94 56 17 14 49 72 76 36 55 75 14 43 25 28 80 90 67 37 24 17 70 85 68 59 6 44 11 68 89 56 91 28 15 39 18 85 28 43 77 49 23 62 6 84 13 58 92 1 95 94 83 68 42 39 88 81 82 85 92 83 30 82 8 33 29 64 78 88 76 36 39 5 88 66 63 42 23 74 61 61 5 16 70 67 44 31 36 52 43 41 25 52 50 6 65 38 9 90 22 56 84 48 72 4 40 86 82 13 44 33 37 15 87 6 83 3 28 86 97 13 7 32 11 79 57 42 0 96 80 50 1 89 27 97 21 60 49 83 0 92 78 90 73 24 97 22 45
41 57 12 81 33 69 75 14 63 70 37 45 38 94 97 84 73 71 89 91 73 49 99 83 47 90 2 43 19 40 42 69 61 34 72 58 64 22 2 30 6 21 69 57 85 5 36 3 47 98 74 19 14 33 95 23 65 17 22 71 20 62 7 69 48 33 37 63 25 2 24 89 82 81 37 85 87 51 71 39 93 25 60 11 77 43 59 16 42 53 53 63 9 39 27 1 36 56 99 48 3 65 0 77 95 13 13 7 57 93 99 14 27 72 26 27 80 60 30 88 94 76 34 58 39 73 58 82 56 45 63 96 0 5 87 77 95 48 91 57 35 68 18 45 5 95 53 43 42 34 4 38 86 68 11 9 53 86 2 70 67 56 65 50 68 69 11 75 29 35 70 91 45 35 5 76 56 92 27 75 85 2 98 70 91 67 30 93 98 48 8 2 70 41 31 99 81 67 15 20
63 13 55 77 7 49 30 25 86 71 5 65 20 93 50 40 7 84 90 12 48 45 32 90 26 65 26 27 37 49 50 53 29 90 77 84 26 15 97 60 95 31 50 70 43 0 30 32 43 44 89 74 25 84 17 29 96 83 44 19 37 96 51 27 29 89 25 23 54 89 86 20 49 69 77 94 33 42 62 21 2 61 97 99 42 39 57 38 19 26 5 97 91 59 78 62 2 43 38 88 74 34 74 94 31 73 60 83 6 53 19 68 74 7 6 47 8 15 59 24 36 20 83 26 88 39 4 97 86 46 66 22 81 55 81 5 74 24 65 97 51 48 10 57 68 40 26 63 9 16 74 84 20 90 17 46 41 74 11 99 52 62 68 72 49 18 38 62 2 56 54 90 60 22 92 70 67 3 29 26 84 42 33 8 50 35 30 56 18 21 2 17 92 19 92 18 4 4 18 52
25 67 6 21 66 48 77 45 92 1 32 47 71 0 4 97 2 35 60 37 25 31 70 40 20 82 18 57 14 37 89 79 17 40 16 50 60 52 98 82 11 49 84 69 58 71 24 42 52 50 17 22 54 31 15 66 4 3 97 96 95 21 27 49 89 56 12 30 77 13 74 69 1 90 83 6 79 10 97 9 44 48 77 73 81 98 56 68 94 90 19 42 91 49 74 70 91 57 47 46 66 82 80 96 93 46 68 20 27 44 1 59 94 63 56 11 13 28 32 80 21 28 67 94 25 67 92 6 61 47 9 4 30 85 8 2 53 9 1 23 52 42 5 7 83 92 17 51 62 94 64 63 20 84 65 83 2 24 29 93 87 13 25 98 60 82 88 47 10 8 45 59 47 80 71 15 35 55 95 86 71 26 57 41 34 42 76 37 20 62 59 86 87 30 12 18 86 78 36 53
31 77 23 35 68 30 29 24 98 76 96 18 17 11 53 96 55 67 62 36 91 45 23 0 7 78 43 5 72 97 92 10 25 38 41 43 71 9 12 54 36 40 45 15 1 99 27 6 45 98 92 99 89 4 7 71 71 52 68 19 29 59 21 57 8 21 65 14 82 78 24 70 29 85 92 16 86 70 93 12 10 65 85 18 69 62 73 40 2 87 3 83 58 70 1 85 77 79 71 99 58 59 16 34 67 66 72 50 8 86 69 39 74 36 41 84 33 61 80 36 56 30 8 18 51 29 14 7 10 85 58 52 45 39 70 74 73 35 46 38 45 23 20 29 93 94 38 47 22 92 62 18 82 1 5 41 73 0 15 73 11 37 12 59 95 94 64 53 71 52 89 0 15 17 29 9 23 67 27 30 92 6 65 6 19 89 50 33 42 28 53 45 24 16 50 45 27 70 90 47
47 34 62 47 61 59 7 29 5 81 88 89 27 1 22 67 52 47 22 97 72 1 56 46 13 1 17 46 39 49 34 34 47 2 28 40 88 98 18 62 3 0 51 54 10 86 84 76 41 11 83 58 10 97 11 39 93 8 54 2 10 57 4 99 64 64 37 6 6 76 89 66 68 24 1 79 84 46 79 57 0 45 62 53 34 46 17 38 28 73 13 67 54 50 31 15 37 73 13 74 38 84 12 33 1 60 39 41 44 61 78 18 32 32 25 81 0 23 28 57 67 10 76 28 58 10 57 91 64 80 24 94 84 55 80 16 64 99 53 8 1 59 94 34 63 41 58 54 7 62 23 91 77 40 37 97 22 66 2 24 44 27 98 92 84 53 0 33 3 77 21 64 86 84 49 12 67 7 4 62 6 49 18 14 53 95 7 65 41 38 74 98 84 50 57 84 82 78 65 16
86 68 52 31 91 56 51 29 62 49 28 70 31 92 27 40 6 94 91 95 70 17 9 69 97 77 43 94 16 30 13 22 5 45 35 70 56 0 73 14 98 71 20 26 89 29 16 93 33 36 87 35 39 28 7 43 52 85 57 56 97 80 20 46 93 20 32 4 6 57 4 19 75 70 58 76 52 46 26 53 23 83 45 44 74 5 61 65 58 59 9 71 66 50 70 81 26 68 42 25 51 90 94 7 85 71 59 43 29 11 33 35 86 7 66 42 68 47 75 8 49 22 61 12 56 2 31 85 68 57 32 64 31 23 38 45 28 35 42 15 71 75 34 65 61 30 20 90 27 16 49 85 51 94 1 73 79 56 93 56 77 8 82 69 91 25 56 84 18 71 77 28 68 96 4 5 0 63 84 52 40 97 93 1 25 62 61 21 36 5 30 74 73 9 46 23 52 69 68 53
58 43 75 49 16 13 13 2 55 2 80 51 36 61 36 56 82 50 90 27 89 54 34 60 64 35 41 58 3 71 20 1 34 61 37 18 48 5 8 30 96 78 28 57 68 52 28 93 57 25 79 68 96 68 13 65 4 27 46 34 83 32 20 47 39 69 20 81 67 84 73 98 88 43 42 93 9 61 54 8 5 25 76 42 80 27 59 62 83 5 61 93 95 42 59 18 56 97 51 45 50 85 10 38 0 79 15 79 8 86 68 67 54 55 54 90 25 23 79 8 34 39 62 50 77 27 16 2 20 65 78 88 33 7 69 1 43 81 96 12 59 79 65 85 46 0 60 8 5 76 20 47 86 37 11 86 71 84 73 17 10 80 62 37 55 55 66 32 23 20 29 14 67 33 58 64 93 49 95 39 78 77 8 50 86 20 18 54 28 31 15 34 8 37 93 82 43 59 61 53
58 70 46 54 19 37 95 44 72 7 62 23 79 62 97 65 22 2 31 50 34 48 54 53 26 79 89 74 69 84 71 13 44 2 28 86 95 29 75 93 0 11 13 75 16 15 88 93 13 15 9 86 63 81 2 36 89 62 58 34 96 73 56 81 74 46 25 72 87 6 87 42 4 15 40 14 18 13 84 51 7 65 30 7 10 53 95 29 59 28 14 85 6 44 55 79 44 24 70 6 22 52 67 20 97 22 4 30 39 82 49 91 91 10 36 74 77 77 42 73 27 80 87 96 42 44 88 52 55 90 70 23 89 10 47 30 4 58 63 53 68 17 64 49 15 15 97 86 53 72 23 5 83 52 0 51 27 52 86 24 28 40 97 12 70 15 18 43 83 20 55 52 3 57 32 38 44 74 12 22 44 48 22 67 73 77 78 33 59 56 10 23 29 34 21 73 78 76 84 0
31 35 31 16 22 64 25 24 92 39 13 38 46 6 84 57 36 40 85 96 34 45 92 65 31 15 46 37 90 27 34 82 9 13 31 61 12 52 23 36 2 0 38 19 94 79 5 86 54 95 38 44 14 24 80 42 14 84 45 64 52 77 86 89 3 36 9 76 41 44 60 51 4 51 72 35 39 12 57 17 39 85 15 14 51 86 68 82 42 67 92 34 23 82 92 13 94 20 1 29 50 27 7 37 69 42 39 88 30 83 95 19 81 52 71 74 51 44 64 69 10 79 83 82 95 27 0 35 49 60 1 65 68 13 50 82 93 65 3 61 69 79 46 38 19 94 14 26 49 96 3 0 76 49 7 91 1 42 40 6 13 69 87 18 5 10 83 29 23 6 70 80 50 69 72 30 76 44 1 17 73 38 74 90 41 54 5 73 18 28 60 82 44 66 82 89 12 8 11 46
28 55 61 7 7 58 58 54 16 30 11 33 20 45 28 75 62 57 82 6 58 96 66 37 31 29 94 37 60 74 55 12 28 37 35 52 81 43 0 34 4 66 29 7 23 32 37 28 18 13 75 69 64 64 47 62 51 60 5 98 94 76 99 19 74 58 20 63 89 68 48 68 64 30 98 84 84 32 4 79 24 83 55 1 59 51 6 79 38 42 97 98 22 43 47 71 19 35 79 56 55 74 16 19 46 7 74 29 30 96 89 50 42 43 20 37 92 51 29 3 83 24 65 84 85 76 50 8 36 99 10 10 14 42 61 21 57 68 70 92 86 50 33 98 20 84 30 79 56 91 63 65 7 61 8 25 27 26 15 20 17 52 3 42 48 30 33 69 48 84 82 78 70 96 49 41 68 6 14 8 79 13 19 63 22 16 76 89 39 93 74 25 65 51 77 52 72 26 74 38
17 35 44 55 15 7 28 58 86 62 30 56 11 84 55 55 62 67 57 23 72 97 54 3 86 78 33 7 62 72 81 95 52 83 52 98 1 96 87 27 21 90 44 38 27 56 90 78 5 14 43 55 62 23 7 25 83 53 15 48 97 75 57 26 15 16 42 49 16 44 25 36 14 91 24 86 8 90 83 92 46 70 0 19 36 65 42 5 72 23 35 71 14 19 36 49 84 85 40 62 9 77 32 64 17 39 73 28 56 95 82 12 44 12 12 46 96 15 39 16 63 30 75 36 59 95 97 8 62 84 89 88 18 13 14 26 15 68 9 64 86 75 14 5 34 6 37 83 42 51 5 76 37 35 52 76 5 43 50 42 72 68 24 35 48 93 88 79 63 59 92 49 56 2 22 93 78 95 61 58 55 6 29 52 77 66 70 73 44 66 85 85 76 14 95 49 68 25 44 98
69 31 89 1 71 31 85 74 56 77 96 9 80 88 5 43 26 3 98 19 54 22 9 60 81 5 18 7 61 7 17 41 69 37 80 49 6 75 23 69 34 34 23 18 0 14 32 9 56 57 89 24 61 67 34 51 65 91 44 89 43 15 40 33 60 20 21 5 80 41 68 53 96 62 18 87 33 75 87 55 4 58 32 68 37 26 71 75 16 66 85 11 57 75 97 15 34 93 34 64 88 22 93 96 96 25 71 38 13 70 28 6 86 68 99 84 43 62 19 57 85 81 2 6 11 98 26 62 59 23 16 18 91 14 91 14 92 25 1 2 11 81 23 94 81 90 12 46 4 90 64 6 73 24 22 3 54 51 58 24 57 39 37 81 44 58 20 62 82 29 61 73 30 60 58 33 2 66 12 27 50 24 13 5 24 6 48 33 90 37 64 94 24 48 74 15 65 65 19 96
49 14 52 95 86 87 34 3 80 54 68 70 26 61 80 73 88 55 71 71 7 87 79 69 27 96 47 78 12 12 57 26 65 84 37 67 17 82 99 7 41 57 95 21 26 14 73 24 5 14 31 96 59 56 7 38 39 95 2 21 76 68 69 55 89 19 72 5 59 46 12 96 8 64 15 9 60 71 80 60 46 37 55 30 51 32 2 64 34 60 21 39 91 54 32 75 49 15 81 83 22 23 81 50 19 52 59 68 26 71 2 67 91 61 20 62 74 11 82 43 15 52 93 29 32 15 7 40 26 99 46 43 68 77 85 54 0 83 2 22 81 30 97 6 95 51 92 92 99 1 6 17 71 47 19 70 62 10 38 17 7 76 77 17 70 82 64 73 58 8 94 34 44 51 77 16 5 60 91 37 53 4 24 20 94 66 71 33 77 11 61 43 45 50 19 45 49 26 27 63
85 4 94 60 78 71 22 49 30 83 62 37 97 80 67 77 20 98 25 78 74 54 11 71 30 78 64 68 19 58 78 53 48 90 14 93 91 59 59 21 61 68 83 42 77 95 62 78 50 53 39 14 94 59 86 45 85 94 63 27 7 29 14 43 70 54 55 41 29 30 50 75 20 25 6 27 26 89 16 13 56 47 11 79 57 92 55 37 75 77 21 95 29 92 86 29 12 33 20 95 66 37 89 53 60 20 27 77 77 40 23 64 72 7 33 21 83 91 18 4 64 58 25 39 83 10 32 92 51 40 15 27 61 98 10 49 51 93 97 94 65 4 85 96 15 53 29 40 11 81 90 47 8 47 18 93 13 93 73 1 57 2 13 79 10 17 6 64 63 87 53 8 51 30 2 34 44 16 42 60 74 28 83 74 62 88 4 87 42 14 24 32 98 53 43 97 25 45 75 62
85 55 8 63 52 51 48 50 68 8 64 87 69 19 31 79 45 1 20 41 42 80 46 78 31 56 14 17 2 47 56 42 83 22 73 45 84 38 3 10 10 85 93 35 97 42 2 23 65 34 72 68 67 41 3 1 79 88 65 78 2 34 37 75 76 13 91 77 27 95 88 41 37 59 38 15 54 35 48 54 62 89 76 81 56 6 76 91 67 25 72 24 93 68 77 22 4 1 17 98 29 58 83 29 64 43 91 81 56 66 72 10 41 75 34 50 25 55 10 12 3 19 19 47 86 37 66 68 23 13 22 11 91 94 17 84 13 60 77 27 14 78 55 64 15 42 82 9 97 24 3 37 73 40 59 56 45 56 62 26 47 32 97 79 96 30 39 95 30 34 32 70 89 67 42 56 91 19 5 15 73 16 13 57 52 76 38 1 40 22 76 60 75 14 80 17 65 14 76 60
79 96 47 86 12 98 86 9 6 52 72 91 29 73 98 28 46 33 24 42 80 99 37 96 2 63 21 84 28 4 90 74 84 21 51 5 63 7 41 1 11 47 64 98 77 65 11 43 73 9 49 30 10 0 68 75 81 8 48 82 15 4 24 51 69 8 78 75 72 69 10 80 6 85 13 39 59 46 5 93 77 67 67 50 62 97 71 11 16 83 83 37 12 50 44 8 68 49 92 71 1 99 95 25 29 97 35 9 24 15 3 21 19 69 71 54 71 7 88 34 98 80 94 73 9 51 29 1 77 19 34 44 3 43 36 41 52 86 19 93 47 50 5 56 73 64 91 38 90 16 4 77 24 83 85 44 7 10 24 82 47 89 55 64 62 5 18 53 6 54 73 56 95 24 71 67 13 42 57 5 5 83 66 92 86 64 4 71 60 36 18 63 95 85 29 33 76 25 13 23
42 31 13 32 84 1 47 92 89 21 22 61 89 55 22 72 51 60 35 13 1 82 39 99 25 50 35 80 20 28 12 28 99 74 88 11 96 26 43 50 22 90 19 68 99 11 80 72 90 99 57 62 3 27 34 64 74 90 59 65 43 12 51 1 34 14 40 50 65 1 91 55 59 51 62 39 54 69 67 96 9 64 20 28 32 27 50 69 34 36 12 17 59 77 72 47 22 63 81 57 12 28 38 24 19 11 57 92 3 92 52 39 76 23 33 46 61 71 39 57 90 64 9 37 4 8 57 9 84 2 42 21 24 42 25 45 97 35 37 52 74 11 5 6 67 81 26 72 86 11 56 19 6 96 35 38 92 20 40 77 32 61 72 5 77 53 22 92 30 61 65 25 59 68 18 53 53 59 17 62 62 95 67 6 87 15 26 21 99 74 82 57 41 92 41 51 76 10 68 58
6 3 15 75 88 48 21 45 55 23 15 52 64 32 95 12 76 6 18 83 19 49 56 34 98 15 55 32 16 86 97 0 70 79 35 21 52 71 42 66 46 93 34 97 21 45 88 31 69 97 74 40 76 5 58 17 71 12 0 16 40 4 21 34 7 6 76 31 38 1 64 16 28 86 16 67 81 89 35 58 62 62 93 73 99 48 78 3 37 16 3 76 19 80 57 98 45 68 11 65 54 95 57 58 91 22 61 77 46 91 98 94 79 29 44 29 64 47 90 4 71 59 8 88 44 52 56 51 92 54 54 36 26 87 93 97 79 42 41 39 59 60 54 16 15 24 56 92 75 37 48 58 37 12 15 53 7 84 66 98 11 92 85 40 8 69 92 8 85 57 83 46 44 24 53 33 30 79 30 25 16 59 46 81 62 3 90 34 7 79 27 11 92 34 55 78 57 40 14 2
15 55 0 47 92 96 26 48 94 43 94 89 98 87 99 19 46 4 6 88 62 42 38 24 34 1 13 13 50 65 29 54 54 38 72 11 77 35 4 19 85 70 12 44 93 26 97 84 21 12 83 96 60 89 38 19 19 94 77 17 7 81 71 51 13 27 76 79 25 31 71 96 64 11 43 5 4 9 85 66 3 79 82 34 82 13 98 86 33 26 95 25 83 39 31 72 30 49 61 68 9 98 97 65 46 41 87 41 77 70 94 83 18 38 61 22 91 79 75 31 62 1 40 32 97 62 18 78 3 10 72 50 46 77 66 14 41 25 41 86 85 61 92 75 54 86 4 36 99 99 39 28 26 10 26 74 62 91 99 25 66 63 52 6 8 9 95 98 39 30 38 49 86 50 18 62 28 19 62 41 64 91 68 89 8 2 73 96 83 69 83 28 53 20 8 97 50 17 40 54
56 57 38 39 40 15 93 3 39 8 12 7 41 39 74 42 51 76 92 72 7 85 88 36 64 23 16 64 54 86 6 48 76 93 55 73 20 21 87 36 52 38 88 35 21 59 31 83 11 82 38 31 23 50 30 15 69 32 29 35 47 31 63 63 57 67 39 58 39 68 30 90 17 65 27 55 77 32 73 17 75 41 31 94 36 22 51 92 27 36 78 40 50 86 75 70 95 35 70 88 5 82 88 78 29 70 86 62 4 58 57 60 11 15 87 75 79 89 74 12 18 63 32 84 38 58 79 65 15 6 29 42 92 89 56 1 50 60 66 46 99 43 8 26 71 56 39 90 82 80 39 77 63 87 85 39 2 78 44 2 31 28 89 93 34 17 79 79 3 97 94 53 57 26 71 46 69 77 60 87 47 85 16 88 41 84 19 22 89 70 88 78 47 85 78 68 68 51 52 19
30 47 41 92 20 55 39 30 97 2 44 47 49 77 33 25 97 16 10 64 44 52 79 75 49 93 80 25 93 79 82 24 34 53 51 0 27 3 30 75 9 68 4 66 54 70 93 17 44 43 54 11 58 95 79 66 24 14 72 89 51 74 75 56 40 48 54 55 35 40 55 31 47 90 41 87 19 44 32 93 54 97 0 55 0 75 60 17 88 3 78 4 74 69 40 14 94 29 34 6 63 19 54 66 94 31 25 47 29 91 23 3 62 84 88 0 73 62 60 48 74 91 44 48 25 46 85 5 58 39 38 85 57 65 78 51 83 96 24 27 50 69 97 65 60 43 7 85 61 29 68 39 43 2 95 12 43 66 40 16 71 49 7 59 87 31 83 81 40 59 45 65 61 9 27 6 35 1 12 21 6 79 76 10 72 20 35 74 2 25 9 3 32 55 56 58 40 50 69 77
29 15 66 95 54 49 35 84 82 78 29 85 73 15 21 39 39 29 42 96 8 3 56 73 63 31 2 30 22 72 62 12 41 72 72 80 15 95 82 38 70 47 57 31 56 32 18 77 12 67 30 71 20 51 63 26 62 17 20 77 45 0 11 67 60 89 40 75 82 94 92 13 54 50 5 86 50 29 73 90 39 91 49 33 4 13 6 97 4 84 75 95 79 53 77 92 93 56 5 13 65 83 16 67 31 17 36 47 65 79 35 69 19 15 94 5 19 57 96 31 92 4 0 55 8 89 9 41 21 24 76 14 68 29 94 59 26 83 41 60 84 75 60 97 44 68 99 53 87 59 14 56 37 57 28 91 77 15 51 10 45 75 17 76 56 95 8 60 16 29 18 80 76 79 67 91 21 24 18 80 35 67 70 51 25 22 5 56 79 67 57 8 86 93 46 48 34 6 5 23
21 52 65 50 81 35 74 15 27 43 60 94 34 41 36 20 43 33 81 96 80 44 17 70 45 81 28 78 76 1 4 79 25 52 55 20 45 91 66 38 97 35 11 22 64 61 75 40 32 81 57 78 72 72 42 9 4 66 96 78 20 11 71 16 60 0 25 62 25 93 69 67 69 62 68 0 38 79 92 50 98 40 39 56 66 25 57 3 42 64 36 70 82 40 64 16 88 21 89 63 78 88 43 5 7 83 72 61 75 94 26 5 7 70 50 4 35 72 46 91 20 62 96 99 43 15 74 52 0 65 63 80 22 7 69 60 92 89 3 58 15 86 15 99 5 63 93 79 21 7 36 23 85 9 30 96 53 50 65 6 70 53 98 10 97 26 44 26 33 22 73 66 9 96 32 41 13 41 96 69 19 99 36 78 92 37 77 67 18 65 56 52 51 28 5 46 24 99 81 65
54 94 58 82 43 42 64 36 95 99 41 41 65 39 0 42 76 93 83 76 97 23 59 49 64 15 24 17 98 16 60 82 36 48 41 62 35 77 65 97 21 27 51 68 16 55 98 52 0 82 24 21 30 57 36 53 60 4 76 31 88 9 75 24 56 79 53 53 86 9 15 2 26 13 18 76 36 30 82 32 17 46 76 99 6 96 35 62 81 78 62 80 98 30 6 40 11 27 44 72 59 67 31 55 46 3 49 25 2 96 40 3 61 68 96 11 0 49 17 33 16 94 94 68 62 13 64 39 69 49 1 77 85 14 32 48 15 67 61 89 56 35 91 43 52 9 82 34 30 91 74 44 55 34 78 86 95 26 59 99 36 37 33 61 64 12 49 99 14 33 55 69 4 66 64 18 1 51 5 42 49 16 10 71 9 0 6 75 78 4 82 21 7 55 39 82 8 79 81 30
79 4 86 38 9 23 95 72 80 62 53 39 75 89 87 7 50 28 17 99 54 55 63 72 3 52 58 13 89 11 64 66 33 43 56 25 45 47 6 96 23 0 10 1 20 42 74 84 15 90 45 73 99 56 95 20 39 57 21 73 12 1 53 50 64 45 94 86 79 12 29 60 44 82 74 42 81 27 38 82 50 21 73 39 59 48 91 75 52 85 36 3 36 51 83 7 24 62 31 80 91 72 66 3 33 54 27 21 78 47 21 14 10 28 62 74 27 14 54 17 7 31 34 74 6 41 0 22 92 57 49 6 37 93 16 72 52 56 92 71 52 82 32 20 7 71 70 79 65 44 31 3 72 11 21 98 43 51 98 79 16 63 43 0 22 1 29 62 27 99 33 24 21 24 56 14 66 14 73 76 61 21 51 40 33 78 88 64 43 58 79 3 20 72 50 15 74 15 90 21
75 83 35 6 89 83 73 66 24 31 86 55 20 53 17 7 98 39 92 32 65 96 65 91 74 36 98 32 17 35 29 67 73 99 30 65 61 32 85 86 29 97 25 43 38 93 30 83 84 73 42 26 21 59 14 60 94 16 95 18 60 2 97 66 21 25 83 9 79 79 52 83 34 6 65 77 4 45 57 64 46 58 39 55 70 7 21 82 56 64 27 53 49 78 53 53 47 23 11 24 18 36 89 52 54 36 50 36 86 51 32 44 37 89 17 2 76 63 84 66 95 46 17 13 76 31 96 37 52 0 9 60 30 50 22 80 75 16 41 48 12 49 37 88 49 80 39 6 99 28 21 49 92 60 84 57 84 34 40 92 34 24 44 38 53 87 36 67 6 40 20 22 63 33 29 36 38 29 40 56 55 21 35 5 57 37 5 74 52 69 22 12 50 89 64 84 18 51 93 35
71 62 90 90 93 37 2 93 44 65 80 0 85 78 53 46 59 92 26 90 77 99 94 29 10 5 69 24 93 52 98 36 91 30 38 31 69 43 6 52 3 88 88 76 60 5 14 97 38 92 14 42 29 58 9 70 10 74 0 60 39 61 95 83 54 69 61 55 45 30 61 3 96 92 16 11 14 71 65 31 29 78 68 20 64 33 36 33 73 77 46 60 86 19 77 96 32 88 85 68 22 77 31 26 23 51 1 46 92 54 44 83 47 39 17 89 58 97 99 48 89 79 34 90 77 79 51 32 78 45 37 67 95 42 72 91 83 74 58 34 35 19 36 2 41 98 18 36 4 6 4 99 2 94 98 12 58 94 44 90 89 62 26 37 20 3 18 39 16 87 87 90 63 17 15 34 2 47 20 17 5 7 91 54 10 74 47 91 11 48 39 73 31 95 63 36 57 14 73 25
48 3 63 75 43 65 23 89 44 18 89 67 35 25 6 57 36 56 47 19 6 64 96 32 14 54 87 23 84 30 23 51 37 60 6 48 35 65 16 74 55 94 10 49 61 28 66 79 60 44 96 6 82 93 29 12 78 44 90 4 36 83 61 70 31 84 50 79 86 62 14 62 73 50 56 46 47 75 29 87 74 86 62 89 39 53 53 84 93 89 43 20 72 52 44 80 71 8 28 9 26 75 61 68 91 58 7 96 25 71 29 57 60 23 61 22 58 99 37 25 35 25 19 16 2 60 19 90 36 81 46 42 69 93 33 15 80 60 99 54 42 28 31 66 64 94 11 86 36 71 66 54 77 45 98 76 99 91 68 72 26 15 38 83 94 82 86 70 62 32 28 15 98 96 84 6 84 45 95 56 47 8 51 24 31 12 77 21 47 3 63 11 33 71 22 63 91 14 17 68
66 91 50 36 4 89 89 68 54 23 74 76 56 26 91 97 20 73 64 31 3 37 86 24 36 27 21 52 37 4 79 1 69 96 40 10 48 14 66 10 78 43 32 85 61 63 71 98 93 74 11 87 14 89 79 75 65 55 43 22 76 19 61 38 37 4 59 36 55 5 74 96 73 21 92 99 74 29 19 70 32 33 1 87 68 61 83 76 6 97 98 5 98 19 83 16 79 23 14 21 9 21 8 78 96 55 11 43 15 45 75 58 64 30 68 68 63 35 10 43 79 7 97 41 82 0 60 60 9 33 1 97 80 57 95 36 70 83 94 71 60 0 76 94 15 63 61 77 74 92 32 75 89 38 71 74 60 31 49 56 66 96 9 92 67 13 67 60 44 62 84 21 15 58 12 90 8 77 18 47 1 48 45 30 82 47 29 64 60 61 4 5 53 1 43 98 70 25 77 24
22 72 7 12 52 85 44 31 19 2 48 64 25 33 91 68 4 98 19 4 54 93 8 26 76 84 48 19 13 68 92 68 23 51 91 12 16 87 2 71 61 84 37 15 36 35 99 95 25 20 99 71 86 57 75 74 0 57 87 71 24 20 83 94 97 37 59 17 65 58 67 92 96 12 82 49 4 89 33 75 90 68 45 73 44 92 53 78 80 90 79 90 91 8 36 97 33 11 52 25 57 83 62 29 42 10 40 3 80 92 46 11 81 45 76 57 80 14 18 34 47 51 28 17 17 44 76 50 76 0 39 72 69 61 89 70 76 86 90 61 79 2 86 73 71 52 68 23 65 76 32 10 23 71 82 58 31 99 93 96 11 20 50 80 80 27 96 19 7 6 15 88 7 3 9 41 68 8 3 3 72 67 51 32 98 13 66 7 0 19 46 42 77 17 30 85 48 93 9 86
91 90 95 91 86 46 10 38 7 81 39 16 85 82 73 1 29 61 2 87 47 72 70 62 6 47 10 11 88 0 79 58 9 86 72 32 36 48 9 1 92 3 41 43 66 50 52 93 95 88 86 77 13 32 75 44 4 52 45 44 70 27 90 93 8 43 55 51 73 13 95 91 62 14 27 22 50 50 10 69 16 96 44 85 35 85 46 78 20 84 64 46 33 32 63 10 20 82 46 92 79 32 77 99 96 62 77 44 83 38 40 26 68 96 76 82 74 53 23 54 37 98 74 39 47 19 11 13 14 68 42 9 69 58 53 95 66 86 7 25 41 11 92 25 87 83 17 84 90 41 32 16 88 34 18 74 39 8 31 52 74 74 72 84 21 83 17 30 69 49 86 84 57 45 78 73 42 95 10 36 60 72 87 87 22 79 1 4 95 50 57 43 35 74 83 33 71 5 6 60
99 32 65 63 1 87 73 28 45 5 69 16 63 4 60 68 33 15 60 87 21 33 20 47 4 40 61 81 81 46 97 28 58 32 98 54 62 93 2 69 16 15 44 78 34 13 52 22 98 73 41 57 2 87 27 9 80 11 34 0 37 37 39 36 37 38 91 3 19 57 21 47 20 6 97 57 76 86 75 84 51 79 32 74 79 66 0 79 59 83 89 8 17 2 95 61 99 86 48 74 40 62 67 17 10 5 95 40 23 44 60 23 58 55 31 32 3 42 88 22 74 41 84 92 71 25 23 44 65 91 68 86 78 60 44 24 75 36 35 20 34 37 38 1 32 4 31 28 65 86 81 90 7 8 87 21 65 53 73 11 96 31 76 89 79 12 5 48 4 28 39 85 81 48 63 68 61 98 59 7 82 16 69 53 18 38 63 14 47 36 8 50 12 13 55 99 29 35 4 34
99 2 96 5 41 63 17 51 93 46 34 42 99 77 56 88 42 85 83 60 91 38 59 97 55 91 0 6 60 96 50 34 69 55 5 84 9 50 83 42 2 14 4 40 26 74 94 47 13 86 62 61 70 41 73 32 21 16 28 99 64 53 74 32 6 77 54 96 71 51 0 14 55 77 70 18 45 35 23 95 52 75 66 81 57 83 95 5 55 34 34 68 0 95 87 65 11 70 25 66 0 21 14 31 53 12 0 65 57 72 80 22 70 82 83 99 19 77 78 5 93 25 10 14 91 43 82 46 57 70 72 79 93 89 11 22 33 82 4 71 69 54 47 51 30 21 59 67 78 39 27 3 67 63 3 21 51 57 70 87 68 30 56 67 86 69 79 34 56 68 80 33 62 66 16 19 98 10 13 23 39 63 47 38 90 85 58 3 53 5 56 67 81 75 81 77 87 61 38 95
31 0 17 69 89 84 35 66 87 69 34 24 2 95 62 33 54 97 92 69 8 12 83 94 5 1 68 46 49 21 81 72 92 76 57 80 7 33 69 30 79 86 99 76 16 64 20 92 11 97 86 94 2 4 68 57 95 71 37 73 49 11 90 55 79 80 94 31 87 2 49 18 72 35 72 75 64 66 67 1 8 10 58 19 4 83 95 78 30 17 66 20 23 83 99 2 13 88 40 92 20 40 38 58 26 86 32 6 14 36 2 23 63 81 31 93 40 28 95 56 75 20 58 7 64 59 48 98 48 83 5 36 11 74 64 6 13 19 73 3 5 27 98 55 65 10 28 53 24 21 23 33 56 34 28 22 79 47 73 43 42 55 48 37 94 1 98 51 67 97 53 9 22 70 81 92 91 68 31 60 49 18 81 51 81 86 33 91 62 51 33 2 8 88 8 38 16 4 68 31
53 96 85 7 81 78 42 1 13 68 17 93 82 91 75 16 70 53 98 78 48 55 59 73 65 23 74 45 62 21 68 21 51 99 9 19 83 25 48 71 58 75 10 81 29 74 93 52 52 19 22 86 32 85 4 65 36 81 54 11 56 20 46 40 13 85 73 70 65 47 28 61 15 8 0 63 53 41 28 43 26 56 41 30 59 34 24 6 39 80 77 38 34 76 21 45 29 97 98 27 53 41 37 66 33 5 63 93 38 96 42 29 52 12 17 1 78 56 56 29 5 2 24 65 38 51 45 86 96 31 75 18 7 89 60 95 72 32 60 93 58 68 19 64 34 21 87 14 58 88 74 93 68 2 16 21 6 54 11 87 77 39 67 46 79 38 22 0 87 6 29 88 38 49 57 41 13 84 7 10 58 21 4 29 75 14 44 21 82 49 85 26 4 46 40 7 16 64 3 13
33 29 32 70 89 38 59 46 15 62 57 93 48 70 2 85 78 69 40 60 38 78 84 33 77 86 89 80 95 51 36 7 33 26 38 70 80 53 67 36 16 60 47 60 22 63 91 69 78 24 32 86 71 74 40 99 26 80 3 51 76 68 13 77 1 30 33 59 91 77 90 81 35 33 34 41 23 2 52 11 22 29 93 10 10 47 30 57 54 30 55 52 29 38 52 26 24 56 21 30 96 95 65 47 4 62 86 93 92 77 16 35 56 25 23 79 4 47 24 95 0 36 56 6 89 30 7 48 65 27 88 83 58 89 25 84 58 30 15 77 33 58 0 38 34 89 5 78 26 53 55 72 52 60 7 39 83 72 71 53 58 79 34 10 46 49 28 2 85 81 76 91 93 20 83 60 32 64 62 50 78 94 49 49 93 68 60 67 77 3 92 62 79 60 38 26 49 19 37 46
39 97 77 80 12 39 63 28 51 34 78 52 85 82 15 33 97 66 78 35 98 85 96 89 37 86 30 46 20 32 75 42 13 91 15 7 70 62 32 75 1 60 53 89 34 71 96 50 99 60 69 61 80 78 42 29 33 9 95 36 60 51 68 70 67 91 34 17 20 93 78 25 85 3 59 76 15 32 20 57 3 80 7 57 88 38 82 53 98 44 35 68 32 83 4 91 90 7 96 0 77 30 69 56 25 31 70 41 24 8 51 18 81 87 26 22 85 42 6 8 13 79 44 1 88 61 22 48 20 52 90 66 59 85 23 56 1 79 64 50 87 46 65 90 87 36 49 54 62 65 52 30 2 90 18 70 65 6 13 80 97 60 42 36 43 48 94 14 58 79 61 3 1 68 47 99 9 91 63 67 78 60 69 18 45 35 11 62 94 32 32 42 37 51 86 26 88 64 25 99
86 30 62 49 18 95 77 43 44 85 3 46 73 8 52 94 31 86 20 85 26 87 71 44 23 51 78 46 13 8 63 25 16 33 51 20 7 86 49 26 75 16 13 22 39 32 0 99 17 13 81 88 7 2 29 20 34 64 71 89 96 29 36 7 50 95 59 91 22 52 7 8 88 45 77 54 21 13 93 59 72 52 26 57 82 18 87 77 23 60 6 23 49 15 88 52 64 80 27 26 23 43 84 16 44 96 13 10 70 54 87 11 26 61 44 42 95 61 91 97 11 52 92 12 90 12 23 27 32 10 42 69 39 67 63 77 42 72 45 64 98 31 68 90 23 22 79 13 65 46 95 44 29 25 89 19 57 66 5 34 39 81 31 82 73 24 92 41 21 83 98 16 19 50 88 30 69 78 67 75 66 3 70 63 98 48 67 11 82 17 68 18 51 79 0 33 6 76 42 10
75 25 59 91 49 88 67 14 61 81 9 41 10 96 5 22 16 16 50 4 20 32 21 15 22 91 50 27 74 18 2 11 19 78 77 68 24 99 53 73 41 93 49 57 30 70 20 21 76 60 5 20 85 24 51 9 11 32 85 19 60 48 85 86 61 54 66 51 1 34 67 2 51 86 75 46 17 32 38 83 17 43 56 47 35 36 92 42 5 92 92 81 63 50 69 34 38 22 82 79 48 23 56 3 28 0 53 2 90 18 21 18 12 64 65 35 92 55 1 72 76 17 28 25 68 19 65 68 61 37 22 6 31 8 78 58 72 96 22 88 64 84 95 26 5 62 17 3 13 84 51 21 96 10 2 22 36 93 59 42 96 7 86 92 11 16 9 59 59 53 39 88 30 68 72 89 94 0 46 55 17 35 33 51 68 87 56 66 67 16 65 20 51 48 80 75 94 68 34 83
32 8 8 31 27 76 41 26 2 80 56 48 36 26 36 0 35 87 30 44 57 63 9 50 98 68 74 68 54 78 79 34 82 39 61 17 4 35 95 51 39 40 63 18 53 54 27 76 31 89 85 27 13 40 71 8 80 79 73 92 48 58 3 45 52 16 43 68 64 15 11 34 22 7 5 42 65 89 16 99 97 57 43 63 20 65 99 82 89 70 11 98 60 73 84 8 58 22 82 80 38 84 68 93 3 42 75 28 38 68 45 57 36 88 99 46 21 92 42 55 39 14 73 9 5 74 10 52 39 61 85 81 41 95 25 77 62 35 14 11 65 56 1 47 54 80 58 90 34 1 46 48 74 70 20 54 84 1 51 29 52 54 25 13 98 53 84 16 55 69 83 51 43 93 24 62 63 63 79 59 74 46 12 41 4 23 70 89 92 37 65 79 92 0 61 99 1 85 92 38
77 85 79 45 31 50 80 96 49 22 30 23 59 91 30 16 4 72 72 42 16 66 40 45 17 45 5 97 30 6 75 97 80 21 52 7 67 98 36 38 73 9 65 59 33 48 30 94 9 24 95 88 14 16 42 89 46 69 86 7 10 20 98 13 11 80 74 97 39 23 20 47 47 58 24 34 91 36 32 29 73 99 29 55 29 51 89 67 34 44 45 49 79 62 0 53 97 55 1 12 75 43 53 59 70 74 26 94 80 34 39 60 43 30 23 26 16 84 94 22 96 84 58 48 73 54 66 22 41 87 68 70 6 56 36 41 54 82 30 32 60 96 34 16 6 78 88 50 57 1 67 97 90 16 3 63 70 31 91 89 86 73 93 11 30 41 65 9 50 34 59 65 27 91 0 24 15 69 80 80 37 86 29 74 49 0 71 53 47 32 82 21 79 50 41 44 26 49 38 7
79 75 38 91 3 96 95 62 58 70 30 3 62 34 37 12 71 66 75 40 81 57 73 95 91 23 14 77 5 19 0 86 40 22 35 36 22 69 17 54 76 74 57 62 48 94 37 67 64 44 31 15 19 8 43 87 31 7 27 30 11 4 15 11 55 69 10 48 83 49 23 15 87 8 13 6 75 60 93 71 11 12 0 83 4 78 44 23 62 27 72 13 46 0 28 30 25 28 51 1 35 27 56 52 32 89 2 35 22 46 97 83 99 16 12 19 66 93 37 36 83 85 91 52 18 32 10 96 54 71 59 24 60 29 38 16 32 83 91 8 92 9 85 45 44 37 64 83 89 28 10 79 65 27 52 65 82 44 48 19 62 56 73 42 97 62 45 32 35 16 84 4 81 72 16 67 12 6 85 7 21 62 86 40 12 48 6 1 46 69 17 47 29 78 42 81 46 59 89 18
2 28 91 56 62 40 54 58 21 48 18 90 38 98 57 97 69 22 71 73 80 34 23 64 56 56 23 2 5 14 24 23 69 68 68 53 43 10 12 4 59 10 56 23 47 49 21 95 96 57 75 54 11 12 73 93 63 0 93 80 77 34 99 36 2 54 0 52 24 49 32 97 32 37 70 61 28 56 94 61 39 95 38 77 1 45 12 51 95 70 47 19 66 96 72 44 88 22 82 72 1 93 13 11 56 7 70 56 62 12 34 77 63 53 93 37 84 4 71 46 91 40 96 91 63 84 65 95 61 4 15 35 63 97 19 63 68 96 4 95 28 24 44 24 45 14 8 74 80 25 90 24 49 95 32 21 9 86 51 96 98 8 64 0 16 99 21 44 61 19 45 1 80 21 14 28 57 62 28 77 16 95 4 52 83 56 17 28 59 79 14 86 38 95 92 81 50 39 47 64
93 85 32 3 25 58 25 71 33 73 36 21 35 82 40 14 9 8 81 15 40 78 76 68 82 49 89 74 32 34 44 44 34 99 83 22 75 96 92 88 13 14 29 25 60 93 92 94 53 20 27 30 53 84 72 3 83 42 85 63 78 74 90 32 15 16 64 77 47 63 19 39 47 0 82 93 54 30 14 53 14 39 80 5 7 35 94 84 74 0 36 96 67 24 60 28 17 44 31 31 48 69 93 71 83 16 52 42 86 70 62 15 85 69 72 58 9 15 96 87 69 78 28 55 68 5 64 96 46 98 84 87 80 49 25 78 41 82 58 26 12 48 12 27 96 89 8 94 69 67 25 10 58 3 39 28 16 78 87 39 45 89 22 24 70 46 12 39 86 31 31 66 74 68 32 81 86 78 21 13 24 82 83 84 60 21 54 1 67 78 92 9 20 5 40 98 35 27 84 86
30 54 11 22 23 49 39 14 38 97 12 17 23 36 4 3 56 77 29 24 78 49 25 36 93 89 81 74 26 25 52 34 14 38 98 58 18 46 96 81 51 42 80 87 92 77 0 7 70 56 21 19 89 80 26 26 55 0 81 75 86 30 27 14 33 21 21 44 7 45 86 52 67 89 61 29 19 35 66 36 13 72 75 99 34 13 13 56 86 83 62 20 30 20 93 14 99 65 38 7 83 98 10 0 96 7 57 11 32 41 3 29 22 41 16 22 50 90 57 77 87 34 87 75 7 95 88 60 48 25 92 18 99 77 53 43 69 70 12 52 21 43 96 91 82 57 32 22 83 96 46 46 31 90 61 30 26 43 3 64 87 28 59 32 11 51 27 97 18 94 41 70 71 48 97 45 28 2 41 70 10 72 57 99 68 47 58 60 3 54 52 63 54 57 99 91 40 55 61 79
25 57 62 9 21 1 64 47 60 95 21 67 91 34 74 54 50 6 33 15 66 43 33 58 87 22 99 70 13 88 13 76 23 69 92 10 38 95 31 91 79 43 37 73 95 32 76 97 37 54 34 88 85 82 78 28 18 39 38 4 11 70 0 87 24 39 63 19 2 16 6 74 42 57 21 51 95 68 30 58 74 44 98 78 16 64 68 5 61 69 65 42 23 77 38 75 98 81 47 8 82 0 29 94 84 39 87 18 76 77 66 53 0 53 62 22 29 7 95 26 63 77 51 56 19 3 65 36 31 41 36 71 39 36 20 31 96 4 43 10 12 91 73 13 61 76 57 76 90 62 0 33 98 15 44 87 4 76 5 14 53 85 98 89 98 93 52 81 57 24 80 49 45 52 23 59 18 18 48 52 34 29 0 84 35 72 42 62 5 44 58 52 38 17 59 17 46 57 3 37
18 46 7 6 20 73 54 93 10 20 74 43 59 5 47 47 92 2 87 12 79 57 7 21 5 86 98 30 69 6 42 5 16 53 9 23 50 91 36 81 42 74 97 87 24 70 42 6 90 48 5 23 89 23 40 25 40 96 45 91 72 91 43 32 44 43 47 18 13 2 89 48 72 12 54 87 77 94 1 67 37 60 14 36 4 47 13 10 17 46 34 8 52 41 10 99 73 86 53 84 99 29 20 66 47 79 18 3 29 74 75 11 90 10 26 74 88 94 93 92 14 20 91 84 2 33 67 38 70 53 76 94 8 31 69 60 61 8 21 80 76 91 42 31 42 1 32 6 53 67 41 33 78 83 40 86 14 3 66 84 41 62 92 64 11 46 17 16 61 34 71 46 17 5 62 2 73 89 23 76 87 47 83 12 69 97 65 7 67 66 30 49 91 67 33 31 27 68 24 75
53 5 62 86 76 42 87 85 80 54 64 22 33 31 94 9 64 17 10 31 93 26 74 31 98 29 97 11 71 1 71 65 25 91 78 40 80 8 46 45 44 21 19 28 48 17 45 84 19 58 63 82 78 40 75 70 4 68 70 18 56 15 41 22 43 33 43 96 2 91 31 52 43 65 98 57 30 97 12 85 76 63 94 45 86 18 26 75 81 3 0 88 86 47 39 18 98 34 18 2 4 62 43 78 72 94 72 77 5 73 49 37 70 3 95 7 97 37 63 8 95 54 85 14 15 64 82 2 4 49 47 10 59 2 88 92 13 23 61 52 4 4 56 94 76 50 1 99 26 93 57 69 0 11 83 26 4 84 92 81 50 25 19 64 49 30 93 69 0 32 64 46 74 47 49 10 57 72 1 31 21 69 16 11 50 12 52 16 93 8 84 39 77 4 56 36 6 43 93 32
19 66 18 8 32 67 60 83 9 60 47 6 33 20 13 23 48 26 45 42 15 81 98 15 59 53 95 24 46 48 8 95 90 1 93 93 20 85 39 52 12 35 87 94 35 29 38 31 57 5 47 98 74 80 54 60 86 82 55 38 16 54 26 14 98 82 41 40 2 88 30 32 88 32 77 42 35 72 5 37 82 75 85 66 31 38 66 85 34 25 21 30 94 37 56 20 65 49 31 65 98 45 36 27 68 66 38 31 80 38 32 50 14 15 46 60 4 8 38 34 0 47 31 63 29 80 71 27 65 62 60 21 23 74 63 46 9 35 53 99 97 71 41 80 18 21 20 58 66 81 35 43 92 1 29 61 10 69 30 25 45 71 11 82 87 81 32 60 3 9 22 46 68 30 33 16 46 21 12 78 24 11 21 86 41 16 39 90 23 37 71 54 53 67 11 16 14 74 12 37